309268.86 432410.26 435708.25 389131.22 316355.27 253625.67 269660.03 241597.35 298569.72 264525.10 256761.07 215054.55 236032.46 256317.99 320440.59 235406.23 283454.41 239485.09 280679.23 267809.04 345195.64 306283.87 374059.10 346142.61 250713.13 196215.15 279790.95 293908.00 276904.86 224150.25 269283.75 234203.72 275972.24 301258.81 332748.84 353450.59 427571.97 401316.22 393510.35 307245.79 332877.09 332273.48 345827.27 285878.43 276652.52 285818.57 307527.24 226581.69
228385.37 212288.52 263645.93 266554.19 247726.85 224481.35 230900.29 243027.90 264845.80 191563.27 199853.95 256505.53 333652.77 262330.88 268454.25 253146.52 269921.82 240035.95 335623.26 333729.74 281845.79 252615.40 309454.42 290099.20 356870.58 316423.41 294076.54 304577.84 281131.96 183739.75 301868.15 266432.94 297475.22 267394.03 372767.30 347458.74 539245.67 528098.42 447454.16 370011.66 269125.65 244618.67 274376.51 239203.32 324802.92 275377.79 291130.14 269265.08
221027.28 175227.33 157647.95 187458.80 243801.98 119930.37 128254.75 106340.07 165726.66 128154.96 176922.11 144065.95 165781.03 142860.06 298328.00 285407.98 238571.64 164121.13 221834.77 169000.73 244884.57 246992.70 300710.39 265119.69 306495.34 288452.81 260182.34 257274.88 228546.39 198593.92 181335.61 137060.88 238445.46 213116.92 334451.80 264410.44 383951.77 417747.43 381494.26 274050.10 298703.73 251486.52 239559.46 207779.93 264182.64 225369.10 270673.90 253055.37
211014.98 225552.74 176003.69 142983.76 171601.69 225056.98 165022.09 138500.69 130394.92 112052.26 166117.53 150725.47 247485.51 178440.70 254038.13 169255.87 260163.69 266678.84 225271.87 218635.53 211396.75 238940.91 266539.30 240632.36 228594.50 198512.54 208356.60 173206.90 218875.83 192941.46 172783.85 227204.76 342459.12 344062.55 339678.55 306606.65 358753.46 392144.17 449338.39 384725.94 351409.20 236983.77 292244.09 298901.27 336779.55 293102.36 361290.87 346725.57
272419.25 234120.75 303772.70 262966.34 237904.06 205213.00 292225.01 203581.27 243199.46 262403.04 230953.02 219472.90 306312.07 246846.64 397056.74 379222.27 371808.58 340558.67 363260.23 290147.82 322759.68 274545.24 325912.36 305989.12 411103.17 411411.99 387857.39 309483.93 301791.87 268150.88 266784.42 332406.86 379995.93 335274.46 388960.19 403920.09 511803.24 426260.20 399795.81 427027.07 427562.12 332258.17 368500.56 363072.89 372621.03 301022.28 339011.05 282120.71
302404.26 364379.86 389342.22 298440.42 252639.28 299052.44 300093.69 230801.09 302205.02 241533.23 233325.66 281622.49 384773.92 239477.76 380985.09 379888.35 387706.06 352349.89 428445.32 394118.08 361098.04 381225.90 334377.45 306181.44 342160.74 274499.46 265072.77 260200.25 256578.64 284478.17 361539.85 354399.36 277540.99 338749.90 380474.46 459514.34 514194.57 440378.37 399983.22 345680.38 425736.90 357970.96 390089.90 323025.79 284654.06 328680.02 404257.58 324078.32
305366.00 285035.34 265703.84 305232.07 315677.00 234897.48 241635.55 271103.39 321176.69 260762.43 289615.53 210000.26 230676.98 252112.71 347902.18 254426.59 388284.66 383517.22 335562.17 345947.76 342112.75 280670.25 323290.52 321289.16 307030.46 279230.16 324347.01 307925.59 376589.56 319987.36 257146.53 229210.01 261818.78 231995.69 433611.55 437843.86 438064.27 502325.49 511602.57 476932.45 428948.86 350938.56 344313.03 312759.32 388080.91 407286.23 397811.81 320874.67
343623.03 309493.39 309269.26 367005.05 267107.26 219661.68 265458.71 288923.36 318152.14 278475.54 288321.39 217689.67 269632.48 263853.23 356364.06 343778.59 356808.57 351189.34 393407.25 399909.49 350178.89 318239.32 373895.21 315623.20 319563.07 355437.91 374749.22 330436.85 341552.19 286700.97 292953.83 297183.94 264224.72 264198.83 347342.44 459009.82 483667.51 433555.01 436508.36 313417.24 334173.96 311085.94 318366.54 302626.24 376688.88 299117.43 286127.06 282298.15
249531.43 225304.55 233913.81 255765.11 270208.70 275396.07 281137.35 253612.67 271129.81 234599.80 213756.52 164800.27 217652.67 193358.41 275419.83 309520.17 331898.63 213499.67 252355.04 235427.66 378406.31 299456.39 296554.53 300697.58 354693.09 339868.23 297575.25 268573.60 257873.95 272597.90 259443.26 256002.76 284453.29 260645.64 304128.90 338230.16 478354.34 435149.53 470100.77 447893.48 401182.89 327539.80 362194.69 302541.45 301266.94 320301.30 334370.24 263973.24
270279.60 251600.90 244308.76 258099.56 269947.53 198678.52 221019.74 255808.72 223619.93 213216.27 271209.93 223423.68 216815.78 229682.18 245537.00 223972.61 334895.86 321739.92 360231.05 348920.93 436131.73 341759.89 329721.76 334940.04 356605.85 268246.71 229806.48 236101.88 299201.06 273113.03 271212.33 211145.47 264675.70 269373.31 284877.29 260093.47 344180.41 361677.71 374052.31 314592.79 315261.11 230555.50 206458.64 241536.22 316348.19 259643.31 278411.19 222323.03
208439.84 217434.48 220027.39 211433.70 150325.73 135601.71 222447.94 230522.82 209914.99 140535.60 155150.66 135668.47 203914.52 188258.12 285115.27 251010.95 239852.83 221927.69 291766.79 246451.21 184748.64 159985.41 167114.39 142252.94 233988.81 202991.26 236588.75 216029.81 273391.72 203397.28 206237.66 149492.63 258473.84 201191.86 322614.77 294000.51 437313.21 351778.71 340271.18 259725.89 285958.59 254618.77 288598.73 222686.62 361719.56 303439.39 272136.05 300398.13
270331.42 222748.19 268253.13 243835.09 196582.78 191498.80 217517.52 157349.49 248752.18 224515.88 193514.84 185506.76 324634.17 246312.78 255996.69 239582.39 305176.16 263883.58 222694.47 236254.75 255729.91 213044.89 171769.94 236863.01 281055.90 236235.23 245189.11 258411.96 242157.98 176968.86 263339.80 229528.17 266251.96 307683.48 338094.37 308352.21 415078.55 412847.06 443519.40 375916.81 365929.46 274242.37 303016.29 218584.94 302016.33 269607.62 303853.46 281690.77
291069.56 300910.02 287693.04 292229.97 207287.06 173205.62 168299.53 195681.91 309462.68 283312.57 218642.41 204715.62 250906.55 191373.54 294036.13 292370.43 297635.43 255672.53 258264.63 243548.23 255569.25 200774.80 254772.86 291972.68 286438.92 229363.93 223961.38 170977.39 184193.73 157156.30 288537.05 197140.79 285691.04 376229.12 353940.14 311913.30 481348.17 443179.31 380800.99 333199.39 334291.32 249354.77 259258.60 257194.90 289655.31 284617.63 311004.60 246967.03
310921.53 316140.58 246869.89 217995.52 207218.29 140918.18 220924.86 238192.08 248893.26 234090.97 232511.92 246632.64 307904.16 216380.90 277218.53 243141.32 301525.27 292363.06 229945.81 248893.43 311964.73 274600.28 235851.83 228737.22 225151.43 234180.11 241263.94 199211.44 245938.82 230257.65 236495.80 252629.90 312898.57 336692.61 326772.89 351059.95 485020.85 447781.20 510156.46 464402.82 354808.31 266261.78 324305.27 266795.27 205677.86 238668.55 341118.62 251905.34
277073.74 226476.51 243612.75 226151.73 200748.31 213187.28 220145.20 149740.66 227958.29 190264.99 221433.08 212587.00 254211.16 173144.50 255829.71 219799.86 251781.73 199496.65 291707.60 319263.97 259938.56 244714.77 287159.15 204774.03 345592.91 348801.37 273286.60 203349.71 266163.21 243860.98 231435.31 189614.26 234683.71 231251.40 269791.52 272847.44 429666.78 405817.32 369706.58 306819.10 335758.78 274977.79 221566.85 221576.46 200239.22 175729.24 263977.97 265099.97
188412.14 160348.40 131401.45 149884.43 183695.65 190757.90 193627.72 148555.64 147946.12 154881.38 126708.97 116510.50 167244.23 160017.47 139794.27 152271.00 151214.79 135507.95 191517.80 220923.24 294129.43 234734.53 272905.57 208642.76 234914.90 250205.19 201242.49 177762.20 210943.40 184579.31 199160.63 145875.63 225349.77 153097.84 259229.69 239241.84 322640.85 338011.87 398599.13 314426.63 281060.22 290294.55 334471.48 277324.40 275272.41 206547.70 178079.11 166798.17
180503.27 145172.03 155905.44 195707.81 213153.03 180628.28 220545.07 247712.87 160110.30 116548.91 139534.84 135351.33 164161.61 147110.28 188352.84 138624.63 249881.21 208512.84 274627.55 254949.56 343116.23 286738.88 307426.78 282163.43 243148.64 234380.05 280492.45 257327.83 207273.68 194237.21 247235.39 134476.47 190978.38 188831.80 318224.88 245659.62 340973.67 332085.66 397707.58 303381.50 274891.69 181492.42 219715.44 197658.67 229581.76 193287.16 210650.59 195404.30
234540.16 221959.42 226592.99 218268.13 163336.07 196029.08 144140.94 167765.23 226782.65 156379.88 165306.40 154423.58 239032.86 161581.34 258243.55 244398.37 272194.07 236178.76 233376.54 173949.21 217801.79 165890.54 171069.60 184771.96 228550.97 245319.92 181747.57 202153.74 193244.85 196280.21 209486.66 221693.46 289218.39 193199.27 249127.93 303827.35 390505.76 350059.48 374226.00 317842.90 293102.16 272855.09 265720.90 166764.35 186995.71 204860.18 297183.93 258089.44
271324.76 227813.39 188143.67 192737.52 156476.81 177216.39 134514.76 95868.42 179279.04 183049.39 215330.79 166644.20 252572.88 181989.08 187145.39 157484.79 238827.82 196153.57 229625.88 172411.02 171781.59 177599.60 190251.71 210391.99 221171.62 219513.35 247377.50 210204.80 193676.79 174968.62 171689.81 115728.78 195522.17 279930.25 365190.89 353393.30 396859.65 312815.00 287150.13 238272.40 279117.86 221970.47 247416.07 245013.58 264111.93 219090.75 313826.32 260806.92
247744.19 219963.75 215240.78 181997.33 159825.34 185121.96 235387.73 207202.24 224779.93 165245.33 200212.20 186921.95 173468.45 122921.90 216575.65 175774.56 189524.07 242466.94 292987.53 244441.52 231029.63 245919.86 307352.93 233119.97 162136.53 136159.19 224183.45 219662.45 185182.26 138542.00 208726.68 180824.98 209261.50 246859.09 318287.62 248063.19 392974.11 400760.12 365167.03 279511.85 245836.64 230598.58 242879.21 228002.22 273816.39 276512.66 252489.64 191116.76
204161.12 167548.02 254698.04 197512.73 146352.55 167453.18 202685.54 143337.06 210589.89 153612.46 193694.80 123049.10 198295.71 171505.89 308794.50 172396.64 234258.56 183913.62 272415.78 254113.10 254014.01 227868.50 267291.04 197194.78 170504.22 167884.07 243239.10 205240.74 192448.98 221924.09 210576.35 195796.57 283576.03 228147.28 360051.91 326395.73 340182.25 350620.15 391856.15 343086.17 300619.00 258376.55 298690.33 233620.87 241810.33 270660.47 211550.82 154913.74
232354.82 194584.46 164718.89 199279.23 236599.76 170176.41 197758.19 188690.02 167558.49 93159.66 176763.83 127353.62 130068.24 113493.96 321357.29 251087.67 330024.52 252010.55 275710.94 275756.68 256594.56 194861.33 189428.94 175267.69 201828.09 215651.49 304166.27 269329.42 252778.14 189498.80 256921.91 178690.55 179326.77 191881.14 279725.96 308861.63 388773.71 375501.03 377103.74 334356.26 300245.08 235691.88 244681.77 228947.04 209760.83 214302.18 212664.64 246601.35
247921.27 249614.12 239271.18 206613.32 231956.71 169741.02 145821.93 128724.27 205311.20 146481.94 187924.26 213718.36 238324.50 211095.59 222515.65 221947.11 189679.58 122037.76 183132.80 183391.04 248222.83 222769.61 328343.97 281652.77 279407.73 232407.41 244616.63 171587.84 227665.10 197228.63 244889.57 225958.58 280048.18 286743.79 385647.00 308765.08 374580.78 357860.93 283590.91 264910.29 353608.06 266537.40 316045.74 310675.34 312039.02 270660.30 249610.52 229198.87
179782.83 181124.57 219967.82 201365.07 251737.72 170825.43 188856.42 213033.45 238763.04 173348.91 226835.06 190367.06 215405.99 212494.77 249055.53 208200.24 201007.71 183617.88 267630.79 172905.29 261045.78 256818.64 325959.04 245502.77 309435.16 244646.52 228912.54 225943.24 224319.63 185002.05 267679.53 242542.78 280045.93 290562.97 304317.68 285142.81 362771.40 363370.08 349984.61 258874.87 260636.62 220288.61 220535.02 224264.80 263922.20 205829.28 257646.21 266784.47
224372.23 189941.83 174270.14 159150.21 135628.43 123117.98 156451.13 165839.09 225944.67 140178.97 177586.70 163585.81 188832.63 100813.68 209704.26 165868.34 209251.84 224249.26 257621.74 234452.73 218685.39 130329.55 162017.44 227411.78 202780.41 159158.01 165282.15 163572.46 168944.98 133774.21 201733.24 197607.29 255118.75 193676.98 305534.89 264603.32 286861.28 295410.17 327039.46 259189.73 246065.51 172517.46 275494.09 243436.88 297907.96 207671.25 201113.93 174425.50
232326.09 209945.27 224413.35 195015.67 194223.33 164418.84 239934.19 181378.36 242663.07 178063.21 143214.40 97113.62 182881.27 131813.58 209187.81 234314.49 274941.50 213744.09 290021.42 269987.81 229149.73 215077.19 181937.28 216616.95 216404.31 146282.77 191168.82 164403.04 190954.00 240928.45 228712.26 169158.38 213892.84 180999.82 210600.17 238884.21 363528.07 380347.78 387736.22 325133.59 284559.45 207682.01 258442.27 189803.04 205948.68 185949.19 227390.17 180178.72
213913.34 181090.19 214764.69 201928.54 168404.23 120562.88 137221.22 136078.51 173223.58 120257.90 161713.69 189354.33 202068.07 109879.50 174238.69 183286.54 224670.34 146096.25 167959.07 196240.87 224806.00 184670.96 198194.76 190450.53 218524.34 198660.83 227006.91 154573.66 188097.53 145572.49 179692.02 152648.51 227511.09 261164.09 332483.00 373642.41 454768.47 378784.27 323341.07 257976.55 274119.09 241599.11 230564.26 197300.12 270236.94 226966.12 258173.08 238641.49
261118.50 203872.90 218444.11 150689.89 159289.47 128654.23 186109.50 153987.20 181630.01 127887.80 221652.52 149424.38 219489.47 122855.14 251809.42 188072.53 264893.99 194818.70 273036.33 262848.60 234738.27 183112.07 233558.63 150843.43 173468.43 188118.91 215989.64 185870.98 213348.52 186052.08 198682.04 199395.81 275943.80 228337.09 269831.59 327153.27 357483.66 400429.94 416980.10 398974.21 259080.04 230318.36 294603.11 264624.76 274339.56 229039.25 232329.34 186887.47
239684.20 261104.03 166898.47 182155.56 222839.92 166509.01 203086.48 204810.23 180111.91 77842.94 122050.27 140396.64 241837.70 192212.15 282990.24 234581.76 253054.28 259774.84 284604.92 290289.84 280248.30 216566.34 235429.00 249889.65 249146.66 215969.64 231344.56 229421.98 193542.41 182849.38 217054.68 199872.12 247077.28 232365.99 277754.47 322473.99 367524.08 348221.03 297210.74 347532.19 373988.17 264876.44 262389.06 247779.40 271811.77 267050.24 311041.31 266287.79
258316.57 257885.95 196475.12 218766.77 234320.77 150690.13 227968.04 224245.07 251802.91 158627.82 185479.92 209700.35 280811.70 236966.43 229501.23 207454.31 177413.56 151334.56 242625.07 197226.14 281855.60 269179.15 316840.89 351862.13 336162.31 297714.32 269166.46 209880.26 315439.02 282957.62 285056.38 279151.28 323343.14 280111.31 313152.87 325367.49 369806.17 410330.71 458048.11 442869.78 384561.61 343744.61 362426.38 272961.01 316657.34 273547.68 286558.68 259361.91
259005.10 291477.95 284764.28 250879.40 208318.25 196649.17 294699.46 287604.10 265723.00 212273.10 225657.95 214789.72 262912.91 216515.70 284560.86 249161.70 282215.91 229904.92 352513.34 331103.24 276868.72 257118.12 264467.91 206931.22 312501.67 309902.59 321503.47 235087.15 246365.64 287439.81 269748.35 250316.11 328059.67 310261.95 363733.09 327987.08 441549.22 450283.50 472899.80 414685.78 366244.62 260553.98 290199.77 283162.75 329802.09 294019.50 274478.43 259181.93
