St.no;Year;Mnth;Date;Time(NMT);TA
25110;2006;1;1;1;-6.7
25110;2006;1;1;2;-7.6
25110;2006;1;1;3;-7.7
25110;2006;1;1;4;-6.9
25110;2006;1;1;5;-6.7
25110;2006;1;1;6;-7.4
25110;2006;1;1;7;-8.4
25110;2006;1;1;8;-9.6
25110;2006;1;1;9;-12.2
25110;2006;1;1;10;-14.9
25110;2006;1;1;11;-14.5
25110;2006;1;1;12;-13.0
25110;2006;1;1;13;-10.7
25110;2006;1;1;14;-9.5
25110;2006;1;1;15;-9.2
25110;2006;1;1;16;-9.8
25110;2006;1;1;17;-11.5
25110;2006;1;1;18;-12.2
25110;2006;1;1;19;-11.5
25110;2006;1;1;20;-11.5
25110;2006;1;1;21;-12.6
25110;2006;1;1;22;-14.3
25110;2006;1;1;23;-14.9
25110;2006;1;1;24;-16.1
25110;2006;1;2;1;-14.5
25110;2006;1;2;2;-17.4
25110;2006;1;2;3;-18.2
25110;2006;1;2;4;-16.4
25110;2006;1;2;5;-16.5
25110;2006;1;2;6;-17.4
25110;2006;1;2;7;-18.9
25110;2006;1;2;8;-19.0
25110;2006;1;2;9;-19.0
25110;2006;1;2;10;-18.5
25110;2006;1;2;11;-15.4
25110;2006;1;2;12;-14.3
25110;2006;1;2;13;-15.4
25110;2006;1;2;14;-15.1
25110;2006;1;2;15;-14.7
25110;2006;1;2;16;-12.6
25110;2006;1;2;17;-13.5
25110;2006;1;2;18;-12.3
25110;2006;1;2;19;-12.6
25110;2006;1;2;20;-11.5
25110;2006;1;2;21;-10.9
25110;2006;1;2;22;-10.7
25110;2006;1;2;23;-11.1
25110;2006;1;2;24;-13.3
25110;2006;1;3;1;-15.0
25110;2006;1;3;2;-16.2
25110;2006;1;3;3;-16.6
25110;2006;1;3;4;-17.2
25110;2006;1;3;5;-17.2
25110;2006;1;3;6;-16.0
25110;2006;1;3;7;-16.3
25110;2006;1;3;8;-17.8
25110;2006;1;3;9;-17.8
25110;2006;1;3;10;-17.9
25110;2006;1;3;11;-16.9
25110;2006;1;3;12;-14.1
25110;2006;1;3;13;-12.4
25110;2006;1;3;14;-10.8
25110;2006;1;3;15;-9.9
25110;2006;1;3;16;-8.9
25110;2006;1;3;17;-8.8
25110;2006;1;3;18;-10.5
25110;2006;1;3;19;-11.2
25110;2006;1;3;20;-10.9
25110;2006;1;3;21;-13.1
25110;2006;1;3;22;-14.2
25110;2006;1;3;23;-14.7
25110;2006;1;3;24;-15.6
25110;2006;1;4;1;-14.8
25110;2006;1;4;2;-15.4
25110;2006;1;4;3;-15.1
25110;2006;1;4;4;-12.7
25110;2006;1;4;5;-11.9
25110;2006;1;4;6;-14.1
25110;2006;1;4;7;-14.2
25110;2006;1;4;8;-14.4
25110;2006;1;4;9;-14.3
25110;2006;1;4;10;-14.3
25110;2006;1;4;11;-14.4
25110;2006;1;4;12;-13.6
25110;2006;1;4;13;-13.3
25110;2006;1;4;14;-12.3
25110;2006;1;4;15;-13.3
25110;2006;1;4;16;-13.7
25110;2006;1;4;17;-14.7
25110;2006;1;4;18;-15.4
25110;2006;1;4;19;-16.1
25110;2006;1;4;20;-16.1
25110;2006;1;4;21;-16.0
25110;2006;1;4;22;-16.5
25110;2006;1;4;23;-16.5
25110;2006;1;4;24;-16.5
25110;2006;1;5;1;-14.0
25110;2006;1;5;2;-11.9
25110;2006;1;5;3;-11.1
25110;2006;1;5;4;-10.6
25110;2006;1;5;5;-10.3
25110;2006;1;5;6;-10.3
25110;2006;1;5;7;-10.4
25110;2006;1;5;8;-10.9
25110;2006;1;5;9;-10.9
25110;2006;1;5;10;-10.9
25110;2006;1;5;11;-10.2
25110;2006;1;5;12;-9.5
25110;2006;1;5;13;-9.8
25110;2006;1;5;14;-10.4
25110;2006;1;5;15;-10.6
25110;2006;1;5;16;-10.9
25110;2006;1;5;17;-11.0
25110;2006;1;5;18;-11.3
25110;2006;1;5;19;-11.4
25110;2006;1;5;20;-11.7
25110;2006;1;5;21;-12.4
25110;2006;1;5;22;-12.6
25110;2006;1;5;23;-13.4
25110;2006;1;5;24;-14.6
25110;2006;1;6;1;-15.4
25110;2006;1;6;2;-16.3
25110;2006;1;6;3;-17.3
25110;2006;1;6;4;-17.7
25110;2006;1;6;5;-18.2
25110;2006;1;6;6;-19.0
25110;2006;1;6;7;-19.5
25110;2006;1;6;8;-20.7
25110;2006;1;6;9;-20.9
25110;2006;1;6;10;-20.2
25110;2006;1;6;11;-18.6
25110;2006;1;6;12;-19.4
25110;2006;1;6;13;-18.5
25110;2006;1;6;14;-18.5
25110;2006;1;6;15;-18.6
25110;2006;1;6;16;-19.8
25110;2006;1;6;17;-20.8
25110;2006;1;6;18;-20.2
25110;2006;1;6;19;-19.8
25110;2006;1;6;20;-20.4
25110;2006;1;6;21;-20.8
25110;2006;1;6;22;-21.1
25110;2006;1;6;23;-22.1
25110;2006;1;6;24;-22.7
25110;2006;1;7;1;-22.8
25110;2006;1;7;2;-22.3
25110;2006;1;7;3;-22.6
25110;2006;1;7;4;-23.0
25110;2006;1;7;5;-23.6
25110;2006;1;7;6;-23.5
25110;2006;1;7;7;-23.2
25110;2006;1;7;8;-22.6
25110;2006;1;7;9;-22.7
25110;2006;1;7;10;-22.2
25110;2006;1;7;11;-21.1
25110;2006;1;7;12;-20.2
25110;2006;1;7;13;-19.7
25110;2006;1;7;14;-18.8
25110;2006;1;7;15;-18.9
25110;2006;1;7;16;-19.6
25110;2006;1;7;17;-19.7
25110;2006;1;7;18;-20.2
25110;2006;1;7;19;-20.7
25110;2006;1;7;20;-20.6
25110;2006;1;7;21;-20.8
25110;2006;1;7;22;-20.8
25110;2006;1;7;23;-20.8
25110;2006;1;7;24;-20.9
25110;2006;1;8;1;-21.2
25110;2006;1;8;2;-21.6
25110;2006;1;8;3;-22.1
25110;2006;1;8;4;-21.6
25110;2006;1;8;5;-22.4
25110;2006;1;8;6;-22.5
25110;2006;1;8;7;-22.5
25110;2006;1;8;8;-22.8
25110;2006;1;8;9;-23.0
25110;2006;1;8;10;-22.6
25110;2006;1;8;11;-21.3
25110;2006;1;8;12;-21.1
25110;2006;1;8;13;-20.6
25110;2006;1;8;14;-19.9
25110;2006;1;8;15;-19.9
25110;2006;1;8;16;-20.4
25110;2006;1;8;17;-20.9
25110;2006;1;8;18;-21.4
25110;2006;1;8;19;-21.7
25110;2006;1;8;20;-21.9
25110;2006;1;8;21;-22.3
25110;2006;1;8;22;-22.9
25110;2006;1;8;23;-22.9
25110;2006;1;8;24;-23.2
25110;2006;1;9;1;-23.3
25110;2006;1;9;2;-23.3
25110;2006;1;9;3;-23.4
25110;2006;1;9;4;-23.2
25110;2006;1;9;5;-23.6
25110;2006;1;9;6;-24.0
25110;2006;1;9;7;-24.2
25110;2006;1;9;8;-23.3
25110;2006;1;9;9;-23.4
25110;2006;1;9;10;-19.5
25110;2006;1;9;11;-17.5
25110;2006;1;9;12;-18.5
25110;2006;1;9;13;-19.9
25110;2006;1;9;14;-19.9
25110;2006;1;9;15;-20.2
25110;2006;1;9;16;-20.3
25110;2006;1;9;17;-19.8
25110;2006;1;9;18;-17.7
25110;2006;1;9;19;-15.7
25110;2006;1;9;20;-14.3
25110;2006;1;9;21;-12.9
25110;2006;1;9;22;-11.9
25110;2006;1;9;23;-11.0
25110;2006;1;9;24;-10.3
25110;2006;1;10;1;-9.6
25110;2006;1;10;2;-8.7
25110;2006;1;10;3;-7.6
25110;2006;1;10;4;-7.7
25110;2006;1;10;5;-7.3
25110;2006;1;10;6;-6.3
25110;2006;1;10;7;-6.0
25110;2006;1;10;8;-5.3
25110;2006;1;10;9;-4.7
25110;2006;1;10;10;-4.8
25110;2006;1;10;11;-4.3
25110;2006;1;10;12;-4.0
25110;2006;1;10;13;-3.1
25110;2006;1;10;14;-5.0
25110;2006;1;10;15;-6.2
25110;2006;1;10;16;-6.4
25110;2006;1;10;17;-5.4
25110;2006;1;10;18;-5.0
25110;2006;1;10;19;-4.8
25110;2006;1;10;20;-4.5
25110;2006;1;10;21;-4.2
25110;2006;1;10;22;-3.9
25110;2006;1;10;23;-3.1
25110;2006;1;10;24;-2.8
25110;2006;1;11;1;-2.5
25110;2006;1;11;2;-2.2
25110;2006;1;11;3;-1.9
25110;2006;1;11;4;-0.9
25110;2006;1;11;5;0.0
25110;2006;1;11;6;0.7
25110;2006;1;11;7;2.8
25110;2006;1;11;8;4.4
25110;2006;1;11;9;3.9
25110;2006;1;11;10;4.7
25110;2006;1;11;11;3.7
25110;2006;1;11;12;3.9
25110;2006;1;11;13;3.9
25110;2006;1;11;14;3.5
25110;2006;1;11;15;x
25110;2006;1;11;16;x
25110;2006;1;11;17;x
25110;2006;1;11;18;x
25110;2006;1;11;19;x
25110;2006;1;11;20;x
25110;2006;1;11;21;x
25110;2006;1;11;22;x
25110;2006;1;11;23;x
25110;2006;1;11;24;x
25110;2006;1;12;1;x
25110;2006;1;12;2;x
25110;2006;1;12;3;x
25110;2006;1;12;4;x
25110;2006;1;12;5;x
25110;2006;1;12;6;x
25110;2006;1;12;7;x
25110;2006;1;12;8;x
25110;2006;1;12;9;x
25110;2006;1;12;10;x
25110;2006;1;12;11;x
25110;2006;1;12;12;x
25110;2006;1;12;13;x
25110;2006;1;12;14;-1.0
25110;2006;1;12;15;-0.8
25110;2006;1;12;16;-2.1
25110;2006;1;12;17;-3.1
25110;2006;1;12;18;-4.2
25110;2006;1;12;19;-5.3
25110;2006;1;12;20;1.1
25110;2006;1;12;21;-2.7
25110;2006;1;12;22;-3.3
25110;2006;1;12;23;-5.4
25110;2006;1;12;24;-3.9
25110;2006;1;13;1;-4.0
25110;2006;1;13;2;-1.4
25110;2006;1;13;3;-0.7
25110;2006;1;13;4;-1.0
25110;2006;1;13;5;-0.1
25110;2006;1;13;6;-0.5
25110;2006;1;13;7;-1.6
25110;2006;1;13;8;-1.2
25110;2006;1;13;9;3.8
25110;2006;1;13;10;3.0
25110;2006;1;13;11;1.9
25110;2006;1;13;12;0.8
25110;2006;1;13;13;4.3
25110;2006;1;13;14;3.8
25110;2006;1;13;15;2.2
25110;2006;1;13;16;0.6
25110;2006;1;13;17;0.7
25110;2006;1;13;18;0.0
25110;2006;1;13;19;-0.5
25110;2006;1;13;20;-0.9
25110;2006;1;13;21;-0.9
25110;2006;1;13;22;-1.3
25110;2006;1;13;23;-1.3
25110;2006;1;13;24;-0.7
25110;2006;1;14;1;0.9
25110;2006;1;14;2;0.1
25110;2006;1;14;3;-0.4
25110;2006;1;14;4;-1.5
25110;2006;1;14;5;-1.7
25110;2006;1;14;6;-0.6
25110;2006;1;14;7;-0.1
25110;2006;1;14;8;-1.8
25110;2006;1;14;9;-3.2
25110;2006;1;14;10;-3.5
25110;2006;1;14;11;-3.1
25110;2006;1;14;12;-2.7
25110;2006;1;14;13;-1.9
25110;2006;1;14;14;-1.3
25110;2006;1;14;15;-1.2
25110;2006;1;14;16;-2.3
25110;2006;1;14;17;-3.6
25110;2006;1;14;18;-3.7
25110;2006;1;14;19;-3.7
25110;2006;1;14;20;-4.2
25110;2006;1;14;21;-4.1
25110;2006;1;14;22;-3.9
25110;2006;1;14;23;-3.5
25110;2006;1;14;24;-3.3
25110;2006;1;15;1;-3.1
25110;2006;1;15;2;-3.0
25110;2006;1;15;3;-2.8
25110;2006;1;15;4;-2.4
25110;2006;1;15;5;-2.1
25110;2006;1;15;6;-1.9
25110;2006;1;15;7;-1.6
25110;2006;1;15;8;-1.8
25110;2006;1;15;9;-1.8
25110;2006;1;15;10;-1.7
25110;2006;1;15;11;-1.0
25110;2006;1;15;12;-0.9
25110;2006;1;15;13;-0.7
25110;2006;1;15;14;0.4
25110;2006;1;15;15;-0.1
25110;2006;1;15;16;-0.6
25110;2006;1;15;17;-0.4
25110;2006;1;15;18;-1.4
25110;2006;1;15;19;-0.7
25110;2006;1;15;20;-0.7
25110;2006;1;15;21;-1.0
25110;2006;1;15;22;-0.9
25110;2006;1;15;23;-0.9
25110;2006;1;15;24;-0.8
25110;2006;1;16;1;-1.3
25110;2006;1;16;2;-2.6
25110;2006;1;16;3;-4.4
25110;2006;1;16;4;-5.9
25110;2006;1;16;5;-10.0
25110;2006;1;16;6;-11.4
25110;2006;1;16;7;-9.0
25110;2006;1;16;8;-8.1
25110;2006;1;16;9;-7.3
25110;2006;1;16;10;-6.6
25110;2006;1;16;11;-6.0
25110;2006;1;16;12;-4.8
25110;2006;1;16;13;-4.1
25110;2006;1;16;14;-4.2
25110;2006;1;16;15;-4.5
25110;2006;1;16;16;-4.5
25110;2006;1;16;17;-4.9
25110;2006;1;16;18;-5.3
25110;2006;1;16;19;-5.4
25110;2006;1;16;20;-5.6
25110;2006;1;16;21;-5.5
25110;2006;1;16;22;-5.7
25110;2006;1;16;23;-5.4
25110;2006;1;16;24;-5.0
25110;2006;1;17;1;-4.9
25110;2006;1;17;2;-4.7
25110;2006;1;17;3;-5.0
25110;2006;1;17;4;-4.2
25110;2006;1;17;5;-4.2
25110;2006;1;17;6;-3.9
25110;2006;1;17;7;-3.9
25110;2006;1;17;8;-3.8
25110;2006;1;17;9;-4.1
25110;2006;1;17;10;-4.9
25110;2006;1;17;11;-5.0
25110;2006;1;17;12;-5.3
25110;2006;1;17;13;-5.6
25110;2006;1;17;14;-6.0
25110;2006;1;17;15;-6.3
25110;2006;1;17;16;-5.8
25110;2006;1;17;17;-6.5
25110;2006;1;17;18;-6.3
25110;2006;1;17;19;-6.4
25110;2006;1;17;20;-6.4
25110;2006;1;17;21;-6.3
25110;2006;1;17;22;-7.1
25110;2006;1;17;23;-7.6
25110;2006;1;17;24;-7.7
25110;2006;1;18;1;-8.3
25110;2006;1;18;2;-8.5
25110;2006;1;18;3;-8.6
25110;2006;1;18;4;-8.6
25110;2006;1;18;5;-8.6
25110;2006;1;18;6;-8.6
25110;2006;1;18;7;-8.5
25110;2006;1;18;8;-8.4
25110;2006;1;18;9;-8.5
25110;2006;1;18;10;-8.3
25110;2006;1;18;11;-8.0
25110;2006;1;18;12;-7.4
25110;2006;1;18;13;-7.0
25110;2006;1;18;14;-7.1
25110;2006;1;18;15;-6.7
25110;2006;1;18;16;-6.9
25110;2006;1;18;17;-6.7
25110;2006;1;18;18;-6.3
25110;2006;1;18;19;-6.1
25110;2006;1;18;20;-6.2
25110;2006;1;18;21;-6.2
25110;2006;1;18;22;-6.3
25110;2006;1;18;23;-6.4
25110;2006;1;18;24;-6.2
25110;2006;1;19;1;-5.9
25110;2006;1;19;2;-5.8
25110;2006;1;19;3;-6.1
25110;2006;1;19;4;-6.3
25110;2006;1;19;5;-6.5
25110;2006;1;19;6;-6.6
25110;2006;1;19;7;-6.5
25110;2006;1;19;8;-7.0
25110;2006;1;19;9;-7.1
25110;2006;1;19;10;-7.5
25110;2006;1;19;11;-7.8
25110;2006;1;19;12;-7.6
25110;2006;1;19;13;-8.5
25110;2006;1;19;14;-7.8
25110;2006;1;19;15;-8.4
25110;2006;1;19;16;-8.9
25110;2006;1;19;17;-8.7
25110;2006;1;19;18;-8.5
25110;2006;1;19;19;-8.4
25110;2006;1;19;20;-8.7
25110;2006;1;19;21;-8.8
25110;2006;1;19;22;-9.0
25110;2006;1;19;23;-9.2
25110;2006;1;19;24;-9.1
25110;2006;1;20;1;-9.2
25110;2006;1;20;2;-9.2
25110;2006;1;20;3;-9.0
25110;2006;1;20;4;-9.1
25110;2006;1;20;5;-9.1
25110;2006;1;20;6;-9.3
25110;2006;1;20;7;-9.2
25110;2006;1;20;8;-9.4
25110;2006;1;20;9;-9.7
25110;2006;1;20;10;-9.8
25110;2006;1;20;11;-10.0
25110;2006;1;20;12;-9.9
25110;2006;1;20;13;-9.8
25110;2006;1;20;14;-9.6
25110;2006;1;20;15;-9.8
25110;2006;1;20;16;-9.9
25110;2006;1;20;17;-9.9
25110;2006;1;20;18;-10.2
25110;2006;1;20;19;-10.5
25110;2006;1;20;20;-10.8
25110;2006;1;20;21;-10.7
25110;2006;1;20;22;-10.6
25110;2006;1;20;23;-11.1
25110;2006;1;20;24;-12.0
25110;2006;1;21;1;-11.3
25110;2006;1;21;2;-12.2
25110;2006;1;21;3;-12.6
25110;2006;1;21;4;-13.0
25110;2006;1;21;5;-13.0
25110;2006;1;21;6;-13.1
25110;2006;1;21;7;-14.2
25110;2006;1;21;8;-14.7
25110;2006;1;21;9;-15.5
25110;2006;1;21;10;-17.4
25110;2006;1;21;11;-16.3
25110;2006;1;21;12;-15.1
25110;2006;1;21;13;-16.5
25110;2006;1;21;14;-16.7
25110;2006;1;21;15;-18.9
25110;2006;1;21;16;-20.6
25110;2006;1;21;17;-22.0
25110;2006;1;21;18;-21.8
25110;2006;1;21;19;-20.2
25110;2006;1;21;20;-20.3
25110;2006;1;21;21;-19.1
25110;2006;1;21;22;-19.8
25110;2006;1;21;23;-19.1
25110;2006;1;21;24;-16.9
25110;2006;1;22;1;-15.8
25110;2006;1;22;2;-15.1
25110;2006;1;22;3;-14.9
25110;2006;1;22;4;-15.6
25110;2006;1;22;5;-15.2
25110;2006;1;22;6;-14.8
25110;2006;1;22;7;-14.4
25110;2006;1;22;8;-14.0
25110;2006;1;22;9;-13.7
25110;2006;1;22;10;-14.2
25110;2006;1;22;11;-13.5
25110;2006;1;22;12;-13.0
25110;2006;1;22;13;-12.3
25110;2006;1;22;14;-11.8
25110;2006;1;22;15;-11.9
25110;2006;1;22;16;-12.1
25110;2006;1;22;17;-12.2
25110;2006;1;22;18;-12.0
25110;2006;1;22;19;-11.8
25110;2006;1;22;20;-11.9
25110;2006;1;22;21;-11.7
25110;2006;1;22;22;-12.0
25110;2006;1;22;23;-12.5
25110;2006;1;22;24;-14.5
25110;2006;1;23;1;-13.7
25110;2006;1;23;2;-12.3
25110;2006;1;23;3;-11.8
25110;2006;1;23;4;-11.5
25110;2006;1;23;5;-11.1
25110;2006;1;23;6;-11.0
25110;2006;1;23;7;-10.6
25110;2006;1;23;8;-10.2
25110;2006;1;23;9;-10.0
25110;2006;1;23;10;-9.4
25110;2006;1;23;11;-8.6
25110;2006;1;23;12;-8.1
25110;2006;1;23;13;-8.3
25110;2006;1;23;14;-7.5
25110;2006;1;23;15;-6.9
25110;2006;1;23;16;-6.9
25110;2006;1;23;17;-7.4
25110;2006;1;23;18;-7.1
25110;2006;1;23;19;-7.1
25110;2006;1;23;20;-8.0
25110;2006;1;23;21;-7.7
25110;2006;1;23;22;-8.0
25110;2006;1;23;23;-7.6
25110;2006;1;23;24;-7.6
25110;2006;1;24;1;-7.6
25110;2006;1;24;2;-8.6
25110;2006;1;24;3;-8.5
25110;2006;1;24;4;-5.4
25110;2006;1;24;5;-4.4
25110;2006;1;24;6;-1.1
25110;2006;1;24;7;-1.2
25110;2006;1;24;8;-1.3
25110;2006;1;24;9;-1.6
25110;2006;1;24;10;-0.5
25110;2006;1;24;11;0.2
25110;2006;1;24;12;1.3
25110;2006;1;24;13;0.7
25110;2006;1;24;14;2.6
25110;2006;1;24;15;2.9
25110;2006;1;24;16;3.4
25110;2006;1;24;17;3.1
25110;2006;1;24;18;1.3
25110;2006;1;24;19;0.8
25110;2006;1;24;20;0.7
25110;2006;1;24;21;-0.4
25110;2006;1;24;22;-2.6
25110;2006;1;24;23;-3.3
25110;2006;1;24;24;-3.4
25110;2006;1;25;1;-2.6
25110;2006;1;25;2;-5.0
25110;2006;1;25;3;-3.3
25110;2006;1;25;4;-3.9
25110;2006;1;25;5;-4.2
25110;2006;1;25;6;-4.8
25110;2006;1;25;7;-6.4
25110;2006;1;25;8;-6.8
25110;2006;1;25;9;-7.3
25110;2006;1;25;10;-7.4
25110;2006;1;25;11;-5.9
25110;2006;1;25;12;-5.0
25110;2006;1;25;13;-4.4
25110;2006;1;25;14;-2.7
25110;2006;1;25;15;-4.0
25110;2006;1;25;16;-4.6
25110;2006;1;25;17;-6.3
25110;2006;1;25;18;-6.3
25110;2006;1;25;19;-8.6
25110;2006;1;25;20;-9.7
25110;2006;1;25;21;-12.2
25110;2006;1;25;22;-13.9
25110;2006;1;25;23;-9.3
25110;2006;1;25;24;-12.7
25110;2006;1;26;1;-16.1
25110;2006;1;26;2;-17.4
25110;2006;1;26;3;-18.2
25110;2006;1;26;4;-18.6
25110;2006;1;26;5;-20.4
25110;2006;1;26;6;-20.1
25110;2006;1;26;7;-20.9
25110;2006;1;26;8;-20.8
25110;2006;1;26;9;-21.8
25110;2006;1;26;10;-20.9
25110;2006;1;26;11;-17.3
25110;2006;1;26;12;-15.2
25110;2006;1;26;13;-14.8
25110;2006;1;26;14;-11.7
25110;2006;1;26;15;-14.0
25110;2006;1;26;16;-16.0
25110;2006;1;26;17;-17.5
25110;2006;1;26;18;-18.7
25110;2006;1;26;19;-19.0
25110;2006;1;26;20;-18.8
25110;2006;1;26;21;-17.2
25110;2006;1;26;22;-13.6
25110;2006;1;26;23;-13.6
25110;2006;1;26;24;-13.5
25110;2006;1;27;1;-16.2
25110;2006;1;27;2;-16.7
25110;2006;1;27;3;-18.4
25110;2006;1;27;4;-19.3
25110;2006;1;27;5;-17.4
25110;2006;1;27;6;-11.7
25110;2006;1;27;7;-12.1
25110;2006;1;27;8;-14.8
25110;2006;1;27;9;-17.3
25110;2006;1;27;10;-16.9
25110;2006;1;27;11;-13.9
25110;2006;1;27;12;-11.6
25110;2006;1;27;13;-11.7
25110;2006;1;27;14;-9.0
25110;2006;1;27;15;-12.2
25110;2006;1;27;16;-13.7
25110;2006;1;27;17;-15.5
25110;2006;1;27;18;-15.5
25110;2006;1;27;19;-17.2
25110;2006;1;27;20;-19.0
25110;2006;1;27;21;-19.4
25110;2006;1;27;22;-20.6
25110;2006;1;27;23;-19.9
25110;2006;1;27;24;-22.0
25110;2006;1;28;1;-22.9
25110;2006;1;28;2;-22.3
25110;2006;1;28;3;-23.1
25110;2006;1;28;4;-23.2
25110;2006;1;28;5;-22.9
25110;2006;1;28;6;-22.5
25110;2006;1;28;7;-23.2
25110;2006;1;28;8;-22.4
25110;2006;1;28;9;-21.5
25110;2006;1;28;10;-20.4
25110;2006;1;28;11;-17.0
25110;2006;1;28;12;-13.0
25110;2006;1;28;13;-10.1
25110;2006;1;28;14;-10.2
25110;2006;1;28;15;-7.5
25110;2006;1;28;16;0.8
25110;2006;1;28;17;0.7
25110;2006;1;28;18;1.3
25110;2006;1;28;19;0.6
25110;2006;1;28;20;1.5
25110;2006;1;28;21;1.6
25110;2006;1;28;22;1.8
25110;2006;1;28;23;2.4
25110;2006;1;28;24;2.8
25110;2006;1;29;1;3.1
25110;2006;1;29;2;2.4
25110;2006;1;29;3;3.3
25110;2006;1;29;4;3.5
25110;2006;1;29;5;3.9
25110;2006;1;29;6;3.8
25110;2006;1;29;7;3.9
25110;2006;1;29;8;4.2
25110;2006;1;29;9;3.8
25110;2006;1;29;10;4.2
25110;2006;1;29;11;4.1
25110;2006;1;29;12;4.0
25110;2006;1;29;13;3.5
25110;2006;1;29;14;3.5
25110;2006;1;29;15;3.3
25110;2006;1;29;16;3.3
25110;2006;1;29;17;3.5
25110;2006;1;29;18;3.3
25110;2006;1;29;19;3.0
25110;2006;1;29;20;3.1
25110;2006;1;29;21;2.5
25110;2006;1;29;22;2.7
25110;2006;1;29;23;2.9
25110;2006;1;29;24;3.4
25110;2006;1;30;1;3.0
25110;2006;1;30;2;3.1
25110;2006;1;30;3;3.0
25110;2006;1;30;4;3.2
25110;2006;1;30;5;2.9
25110;2006;1;30;6;2.7
25110;2006;1;30;7;2.7
25110;2006;1;30;8;2.5
25110;2006;1;30;9;2.2
25110;2006;1;30;10;2.7
25110;2006;1;30;11;2.9
25110;2006;1;30;12;3.2
25110;2006;1;30;13;2.9
25110;2006;1;30;14;2.6
25110;2006;1;30;15;2.8
25110;2006;1;30;16;2.6
25110;2006;1;30;17;2.4
25110;2006;1;30;18;2.5
25110;2006;1;30;19;3.1
25110;2006;1;30;20;3.0
25110;2006;1;30;21;3.0
25110;2006;1;30;22;3.0
25110;2006;1;30;23;3.3
25110;2006;1;30;24;3.1
25110;2006;1;31;1;2.9
25110;2006;1;31;2;4.0
25110;2006;1;31;3;4.2
25110;2006;1;31;4;4.5
25110;2006;1;31;5;4.7
25110;2006;1;31;6;4.9
25110;2006;1;31;7;4.8
25110;2006;1;31;8;5.1
25110;2006;1;31;9;5.2
25110;2006;1;31;10;5.2
25110;2006;1;31;11;5.7
25110;2006;1;31;12;5.4
25110;2006;1;31;13;5.1
25110;2006;1;31;14;4.6
25110;2006;1;31;15;4.7
25110;2006;1;31;16;3.9
25110;2006;1;31;17;3.4
25110;2006;1;31;18;3.3
25110;2006;1;31;19;3.5
25110;2006;1;31;20;3.9
25110;2006;1;31;21;4.6
25110;2006;1;31;22;4.1
25110;2006;1;31;23;3.8
25110;2006;1;31;24;3.8