St.no;Year;Mnth;Date;Time(NMT);TA
68860;2012;2;1;1;-11.4
68860;2012;2;1;2;-11.5
68860;2012;2;1;3;-12.1
68860;2012;2;1;4;-11.3
68860;2012;2;1;5;-10.8
68860;2012;2;1;6;-13.1
68860;2012;2;1;7;-12.9
68860;2012;2;1;8;-11.6
68860;2012;2;1;9;-10.8
68860;2012;2;1;10;-12.8
68860;2012;2;1;11;-12.8
68860;2012;2;1;12;-10.6
68860;2012;2;1;13;-9.6
68860;2012;2;1;14;-10.4
68860;2012;2;1;15;-10.2
68860;2012;2;1;16;-9.5
68860;2012;2;1;17;-11.1
68860;2012;2;1;18;-9.9
68860;2012;2;1;19;-9.7
68860;2012;2;1;20;-9.9
68860;2012;2;1;21;-10.5
68860;2012;2;1;22;-9.4
68860;2012;2;1;23;-11.1
68860;2012;2;1;24;-10.4
68860;2012;2;2;1;-10.3
68860;2012;2;2;2;-9.6
68860;2012;2;2;3;-9.3
68860;2012;2;2;4;-8.7
68860;2012;2;2;5;-8.9
68860;2012;2;2;6;-8.8
68860;2012;2;2;7;-7.8
68860;2012;2;2;8;-7.6
68860;2012;2;2;9;-7.2
68860;2012;2;2;10;-7.0
68860;2012;2;2;11;-6.1
68860;2012;2;2;12;-6.2
68860;2012;2;2;13;-6.3
68860;2012;2;2;14;-6.4
68860;2012;2;2;15;-6.6
68860;2012;2;2;16;-6.9
68860;2012;2;2;17;-7.3
68860;2012;2;2;18;-7.2
68860;2012;2;2;19;-7.2
68860;2012;2;2;20;-8.2
68860;2012;2;2;21;-9.2
68860;2012;2;2;22;-9.2
68860;2012;2;2;23;-10.4
68860;2012;2;2;24;-9.9
68860;2012;2;3;1;-10.5
68860;2012;2;3;2;-11.2
68860;2012;2;3;3;-11.0
68860;2012;2;3;4;-11.8
68860;2012;2;3;5;-12.5
68860;2012;2;3;6;-12.0
68860;2012;2;3;7;-12.2
68860;2012;2;3;8;-11.8
68860;2012;2;3;9;-11.7
68860;2012;2;3;10;-10.9
68860;2012;2;3;11;-10.2
68860;2012;2;3;12;-9.5
68860;2012;2;3;13;-9.1
68860;2012;2;3;14;-8.7
68860;2012;2;3;15;-8.7
68860;2012;2;3;16;-8.7
68860;2012;2;3;17;-8.6
68860;2012;2;3;18;-8.5
68860;2012;2;3;19;-8.5
68860;2012;2;3;20;-8.5
68860;2012;2;3;21;-8.2
68860;2012;2;3;22;-8.0
68860;2012;2;3;23;-8.0
68860;2012;2;3;24;-7.7
68860;2012;2;4;1;-7.8
68860;2012;2;4;2;-7.7
68860;2012;2;4;3;-7.6
68860;2012;2;4;4;-7.9
68860;2012;2;4;5;-8.4
68860;2012;2;4;6;-8.3
68860;2012;2;4;7;-8.6
68860;2012;2;4;8;-8.4
68860;2012;2;4;9;-8.5
68860;2012;2;4;10;-8.4
68860;2012;2;4;11;-8.3
68860;2012;2;4;12;-8.0
68860;2012;2;4;13;-7.8
68860;2012;2;4;14;-7.5
68860;2012;2;4;15;-7.7
68860;2012;2;4;16;-7.8
68860;2012;2;4;17;-8.0
68860;2012;2;4;18;-8.1
68860;2012;2;4;19;-8.0
68860;2012;2;4;20;-7.8
68860;2012;2;4;21;-7.9
68860;2012;2;4;22;-7.8
68860;2012;2;4;23;-8.7
68860;2012;2;4;24;-9.0
68860;2012;2;5;1;-8.7
68860;2012;2;5;2;-8.9
68860;2012;2;5;3;-9.6
68860;2012;2;5;4;-9.3
68860;2012;2;5;5;-9.4
68860;2012;2;5;6;-9.6
68860;2012;2;5;7;-10.0
68860;2012;2;5;8;-10.6
68860;2012;2;5;9;-10.8
68860;2012;2;5;10;-10.7
68860;2012;2;5;11;-10.0
68860;2012;2;5;12;-9.8
68860;2012;2;5;13;-9.3
68860;2012;2;5;14;-8.8
68860;2012;2;5;15;-8.7
68860;2012;2;5;16;-8.2
68860;2012;2;5;17;-7.6
68860;2012;2;5;18;-7.3
68860;2012;2;5;19;-7.3
68860;2012;2;5;20;-6.9
68860;2012;2;5;21;-6.5
68860;2012;2;5;22;-6.9
68860;2012;2;5;23;-5.2
68860;2012;2;5;24;-4.7
68860;2012;2;6;1;-4.7
68860;2012;2;6;2;-1.9
68860;2012;2;6;3;-1.1
68860;2012;2;6;4;-1.7
68860;2012;2;6;5;-1.3
68860;2012;2;6;6;0.6
68860;2012;2;6;7;0.9
68860;2012;2;6;8;1.3
68860;2012;2;6;9;2.1
68860;2012;2;6;10;2.1
68860;2012;2;6;11;2.6
68860;2012;2;6;12;2.9
68860;2012;2;6;13;3.2
68860;2012;2;6;14;3.1
68860;2012;2;6;15;3.1
68860;2012;2;6;16;3.1
68860;2012;2;6;17;3.1
68860;2012;2;6;18;2.6
68860;2012;2;6;19;2.7
68860;2012;2;6;20;3.0
68860;2012;2;6;21;2.9
68860;2012;2;6;22;3.0
68860;2012;2;6;23;2.9
68860;2012;2;6;24;2.5
68860;2012;2;7;1;2.0
68860;2012;2;7;2;2.0
68860;2012;2;7;3;2.0
68860;2012;2;7;4;2.3
68860;2012;2;7;5;2.3
68860;2012;2;7;6;2.2
68860;2012;2;7;7;2.5
68860;2012;2;7;8;2.6
68860;2012;2;7;9;2.6
68860;2012;2;7;10;2.7
68860;2012;2;7;11;2.6
68860;2012;2;7;12;2.5
68860;2012;2;7;13;3.9
68860;2012;2;7;14;4.0
68860;2012;2;7;15;3.4
68860;2012;2;7;16;2.7
68860;2012;2;7;17;2.0
68860;2012;2;7;18;0.4
68860;2012;2;7;19;-0.8
68860;2012;2;7;20;-0.5
68860;2012;2;7;21;-1.0
68860;2012;2;7;22;-1.6
68860;2012;2;7;23;-2.1
68860;2012;2;7;24;-2.5
68860;2012;2;8;1;-2.8
68860;2012;2;8;2;-2.9
68860;2012;2;8;3;-3.3
68860;2012;2;8;4;-3.6
68860;2012;2;8;5;-3.4
68860;2012;2;8;6;-4.8
68860;2012;2;8;7;-5.3
68860;2012;2;8;8;-5.4
68860;2012;2;8;9;-5.5
68860;2012;2;8;10;-5.6
68860;2012;2;8;11;-4.5
68860;2012;2;8;12;-3.3
68860;2012;2;8;13;-1.8
68860;2012;2;8;14;-1.7
68860;2012;2;8;15;-2.2
68860;2012;2;8;16;-2.4
68860;2012;2;8;17;-4.3
68860;2012;2;8;18;-4.1
68860;2012;2;8;19;-4.4
68860;2012;2;8;20;-4.1
68860;2012;2;8;21;-3.0
68860;2012;2;8;22;-2.2
68860;2012;2;8;23;-1.9
68860;2012;2;8;24;-2.3
68860;2012;2;9;1;-3.9
68860;2012;2;9;2;-1.8
68860;2012;2;9;3;1.5
68860;2012;2;9;4;1.6
68860;2012;2;9;5;1.5
68860;2012;2;9;6;1.1
68860;2012;2;9;7;0.6
68860;2012;2;9;8;0.4
68860;2012;2;9;9;0.2
68860;2012;2;9;10;0.1
68860;2012;2;9;11;0.3
68860;2012;2;9;12;0.4
68860;2012;2;9;13;0.6
68860;2012;2;9;14;0.6
68860;2012;2;9;15;0.5
68860;2012;2;9;16;0.3
68860;2012;2;9;17;0.2
68860;2012;2;9;18;-0.4
68860;2012;2;9;19;-1.6
68860;2012;2;9;20;-1.5
68860;2012;2;9;21;-1.8
68860;2012;2;9;22;-1.7
68860;2012;2;9;23;-1.3
68860;2012;2;9;24;-1.6
68860;2012;2;10;1;-0.7
68860;2012;2;10;2;-1.3
68860;2012;2;10;3;-1.0
68860;2012;2;10;4;-0.8
68860;2012;2;10;5;-0.9
68860;2012;2;10;6;-0.6
68860;2012;2;10;7;-0.4
68860;2012;2;10;8;-0.4
68860;2012;2;10;9;-0.3
68860;2012;2;10;10;0.0
68860;2012;2;10;11;0.4
68860;2012;2;10;12;0.7
68860;2012;2;10;13;0.9
68860;2012;2;10;14;1.5
68860;2012;2;10;15;1.9
68860;2012;2;10;16;2.1
68860;2012;2;10;17;1.2
68860;2012;2;10;18;1.4
68860;2012;2;10;19;1.2
68860;2012;2;10;20;1.0
68860;2012;2;10;21;-1.4
68860;2012;2;10;22;-1.9
68860;2012;2;10;23;-2.5
68860;2012;2;10;24;-2.2
68860;2012;2;11;1;-1.9
68860;2012;2;11;2;-2.3
68860;2012;2;11;3;-2.0
68860;2012;2;11;4;-3.2
68860;2012;2;11;5;-3.3
68860;2012;2;11;6;-3.5
68860;2012;2;11;7;-3.8
68860;2012;2;11;8;-2.4
68860;2012;2;11;9;-3.4
68860;2012;2;11;10;-3.3
68860;2012;2;11;11;-4.4
68860;2012;2;11;12;-4.3
68860;2012;2;11;13;-3.8
68860;2012;2;11;14;-3.1
68860;2012;2;11;15;-2.6
68860;2012;2;11;16;0.0
68860;2012;2;11;17;1.1
68860;2012;2;11;18;0.7
68860;2012;2;11;19;1.0
68860;2012;2;11;20;0.2
68860;2012;2;11;21;0.3
68860;2012;2;11;22;0.1
68860;2012;2;11;23;0.6
68860;2012;2;11;24;0.1
68860;2012;2;12;1;0.3
68860;2012;2;12;2;0.2
68860;2012;2;12;3;-0.1
68860;2012;2;12;4;0.1
68860;2012;2;12;5;-0.1
68860;2012;2;12;6;-0.4
68860;2012;2;12;7;-0.3
68860;2012;2;12;8;-0.1
68860;2012;2;12;9;-0.7
68860;2012;2;12;10;-0.1
68860;2012;2;12;11;-0.2
68860;2012;2;12;12;0.4
68860;2012;2;12;13;0.2
68860;2012;2;12;14;0.2
68860;2012;2;12;15;0.7
68860;2012;2;12;16;0.0
68860;2012;2;12;17;-0.2
68860;2012;2;12;18;0.1
68860;2012;2;12;19;0.2
68860;2012;2;12;20;0.3
68860;2012;2;12;21;0.4
68860;2012;2;12;22;0.4
68860;2012;2;12;23;0.3
68860;2012;2;12;24;0.6
68860;2012;2;13;1;1.1
68860;2012;2;13;2;1.3
68860;2012;2;13;3;0.0
68860;2012;2;13;4;1.1
68860;2012;2;13;5;1.0
68860;2012;2;13;6;1.6
68860;2012;2;13;7;0.2
68860;2012;2;13;8;0.5
68860;2012;2;13;9;0.4
68860;2012;2;13;10;0.7
68860;2012;2;13;11;1.0
68860;2012;2;13;12;1.3
68860;2012;2;13;13;2.0
68860;2012;2;13;14;2.2
68860;2012;2;13;15;2.1
68860;2012;2;13;16;2.0
68860;2012;2;13;17;1.8
68860;2012;2;13;18;1.6
68860;2012;2;13;19;2.9
68860;2012;2;13;20;2.8
68860;2012;2;13;21;2.5
68860;2012;2;13;22;2.7
68860;2012;2;13;23;1.9
68860;2012;2;13;24;2.0
68860;2012;2;14;1;2.5
68860;2012;2;14;2;2.1
68860;2012;2;14;3;1.3
68860;2012;2;14;4;1.1
68860;2012;2;14;5;0.5
68860;2012;2;14;6;0.1
68860;2012;2;14;7;0.3
68860;2012;2;14;8;0.3
68860;2012;2;14;9;0.2
68860;2012;2;14;10;1.4
68860;2012;2;14;11;2.2
68860;2012;2;14;12;2.6
68860;2012;2;14;13;2.9
68860;2012;2;14;14;0.6
68860;2012;2;14;15;0.4
68860;2012;2;14;16;0.4
68860;2012;2;14;17;-0.8
68860;2012;2;14;18;0.1
68860;2012;2;14;19;1.0
68860;2012;2;14;20;1.4
68860;2012;2;14;21;0.4
68860;2012;2;14;22;1.7
68860;2012;2;14;23;2.4
68860;2012;2;14;24;2.1
68860;2012;2;15;1;1.4
68860;2012;2;15;2;1.9
68860;2012;2;15;3;0.9
68860;2012;2;15;4;1.4
68860;2012;2;15;5;0.2
68860;2012;2;15;6;0.4
68860;2012;2;15;7;-0.4
68860;2012;2;15;8;-1.5
68860;2012;2;15;9;-0.6
68860;2012;2;15;10;-0.3
68860;2012;2;15;11;-0.2
68860;2012;2;15;12;0.2
68860;2012;2;15;13;0.2
68860;2012;2;15;14;0.4
68860;2012;2;15;15;-0.3
68860;2012;2;15;16;-0.3
68860;2012;2;15;17;-0.7
68860;2012;2;15;18;-0.7
68860;2012;2;15;19;-1.1
68860;2012;2;15;20;-1.1
68860;2012;2;15;21;-1.0
68860;2012;2;15;22;-0.8
68860;2012;2;15;23;-0.8
68860;2012;2;15;24;-0.7
68860;2012;2;16;1;-0.9
68860;2012;2;16;2;-1.0
68860;2012;2;16;3;-0.9
68860;2012;2;16;4;0.1
68860;2012;2;16;5;1.0
68860;2012;2;16;6;1.6
68860;2012;2;16;7;2.1
68860;2012;2;16;8;2.7
68860;2012;2;16;9;2.8
68860;2012;2;16;10;3.3
68860;2012;2;16;11;3.2
68860;2012;2;16;12;3.6
68860;2012;2;16;13;3.1
68860;2012;2;16;14;3.3
68860;2012;2;16;15;3.0
68860;2012;2;16;16;2.4
68860;2012;2;16;17;2.0
68860;2012;2;16;18;1.6
68860;2012;2;16;19;1.6
68860;2012;2;16;20;1.4
68860;2012;2;16;21;1.9
68860;2012;2;16;22;2.3
68860;2012;2;16;23;0.7
68860;2012;2;16;24;0.5
68860;2012;2;17;1;0.2
68860;2012;2;17;2;0.1
68860;2012;2;17;3;0.2
68860;2012;2;17;4;0.0
68860;2012;2;17;5;-0.3
68860;2012;2;17;6;-0.2
68860;2012;2;17;7;-0.4
68860;2012;2;17;8;-0.8
68860;2012;2;17;9;-0.4
68860;2012;2;17;10;-0.3
68860;2012;2;17;11;-0.3
68860;2012;2;17;12;0.2
68860;2012;2;17;13;0.5
68860;2012;2;17;14;0.1
68860;2012;2;17;15;0.2
68860;2012;2;17;16;0.8
68860;2012;2;17;17;1.4
68860;2012;2;17;18;1.4
68860;2012;2;17;19;1.3
68860;2012;2;17;20;0.9
68860;2012;2;17;21;1.1
68860;2012;2;17;22;1.5
68860;2012;2;17;23;1.7
68860;2012;2;17;24;1.7
68860;2012;2;18;1;2.4
68860;2012;2;18;2;2.6
68860;2012;2;18;3;2.7
68860;2012;2;18;4;2.8
68860;2012;2;18;5;3.3
68860;2012;2;18;6;3.9
68860;2012;2;18;7;3.8
68860;2012;2;18;8;3.4
68860;2012;2;18;9;3.4
68860;2012;2;18;10;3.8
68860;2012;2;18;11;4.1
68860;2012;2;18;12;4.7
68860;2012;2;18;13;5.2
68860;2012;2;18;14;4.9
68860;2012;2;18;15;5.2
68860;2012;2;18;16;4.3
68860;2012;2;18;17;2.3
68860;2012;2;18;18;1.6
68860;2012;2;18;19;1.6
68860;2012;2;18;20;1.9
68860;2012;2;18;21;1.5
68860;2012;2;18;22;1.3
68860;2012;2;18;23;1.1
68860;2012;2;18;24;1.0
68860;2012;2;19;1;0.4
68860;2012;2;19;2;0.6
68860;2012;2;19;3;0.4
68860;2012;2;19;4;0.4
68860;2012;2;19;5;0.5
68860;2012;2;19;6;0.7
68860;2012;2;19;7;0.6
68860;2012;2;19;8;-0.4
68860;2012;2;19;9;-0.9
68860;2012;2;19;10;-1.1
68860;2012;2;19;11;-1.4
68860;2012;2;19;12;-1.0
68860;2012;2;19;13;-1.7
68860;2012;2;19;14;-1.6
68860;2012;2;19;15;-2.1
68860;2012;2;19;16;-2.3
68860;2012;2;19;17;-2.0
68860;2012;2;19;18;-3.4
68860;2012;2;19;19;-3.5
68860;2012;2;19;20;-3.7
68860;2012;2;19;21;-3.4
68860;2012;2;19;22;-3.7
68860;2012;2;19;23;-2.9
68860;2012;2;19;24;-2.5
68860;2012;2;20;1;-2.5
68860;2012;2;20;2;-2.4
68860;2012;2;20;3;-2.0
68860;2012;2;20;4;-1.0
68860;2012;2;20;5;-1.7
68860;2012;2;20;6;-1.6
68860;2012;2;20;7;-1.1
68860;2012;2;20;8;-0.6
68860;2012;2;20;9;0.2
68860;2012;2;20;10;-0.5
68860;2012;2;20;11;0.6
68860;2012;2;20;12;1.1
68860;2012;2;20;13;2.0
68860;2012;2;20;14;2.3
68860;2012;2;20;15;1.9
68860;2012;2;20;16;2.2
68860;2012;2;20;17;3.6
68860;2012;2;20;18;4.0
68860;2012;2;20;19;4.1
68860;2012;2;20;20;4.1
68860;2012;2;20;21;4.1
68860;2012;2;20;22;2.9
68860;2012;2;20;23;2.7
68860;2012;2;20;24;2.4
68860;2012;2;21;1;3.3
68860;2012;2;21;2;3.0
68860;2012;2;21;3;2.3
68860;2012;2;21;4;1.5
68860;2012;2;21;5;0.8
68860;2012;2;21;6;1.1
68860;2012;2;21;7;1.3
68860;2012;2;21;8;0.6
68860;2012;2;21;9;-0.5
68860;2012;2;21;10;0.5
68860;2012;2;21;11;-0.3
68860;2012;2;21;12;-0.1
68860;2012;2;21;13;-0.3
68860;2012;2;21;14;0.6
68860;2012;2;21;15;0.7
68860;2012;2;21;16;0.8
68860;2012;2;21;17;0.7
68860;2012;2;21;18;0.7
68860;2012;2;21;19;0.4
68860;2012;2;21;20;0.6
68860;2012;2;21;21;0.7
68860;2012;2;21;22;0.2
68860;2012;2;21;23;-0.2
68860;2012;2;21;24;-1.0
68860;2012;2;22;1;-2.2
68860;2012;2;22;2;-2.1
68860;2012;2;22;3;-0.3
68860;2012;2;22;4;-1.2
68860;2012;2;22;5;-0.8
68860;2012;2;22;6;-0.8
68860;2012;2;22;7;-0.4
68860;2012;2;22;8;-0.9
68860;2012;2;22;9;-0.6
68860;2012;2;22;10;2.1
68860;2012;2;22;11;3.9
68860;2012;2;22;12;4.7
68860;2012;2;22;13;6.0
68860;2012;2;22;14;6.9
68860;2012;2;22;15;6.9
68860;2012;2;22;16;6.4
68860;2012;2;22;17;6.0
68860;2012;2;22;18;5.8
68860;2012;2;22;19;5.0
68860;2012;2;22;20;3.9
68860;2012;2;22;21;3.6
68860;2012;2;22;22;3.3
68860;2012;2;22;23;2.8
68860;2012;2;22;24;3.0
68860;2012;2;23;1;2.8
68860;2012;2;23;2;2.8
68860;2012;2;23;3;2.8
68860;2012;2;23;4;3.6
68860;2012;2;23;5;3.5
68860;2012;2;23;6;3.5
68860;2012;2;23;7;3.8
68860;2012;2;23;8;3.7
68860;2012;2;23;9;3.8
68860;2012;2;23;10;3.6
68860;2012;2;23;11;3.5
68860;2012;2;23;12;3.4
68860;2012;2;23;13;3.1
68860;2012;2;23;14;3.4
68860;2012;2;23;15;3.7
68860;2012;2;23;16;3.0
68860;2012;2;23;17;2.0
68860;2012;2;23;18;2.1
68860;2012;2;23;19;1.8
68860;2012;2;23;20;1.7
68860;2012;2;23;21;1.1
68860;2012;2;23;22;1.0
68860;2012;2;23;23;1.0
68860;2012;2;23;24;1.1
68860;2012;2;24;1;1.1
68860;2012;2;24;2;0.5
68860;2012;2;24;3;0.5
68860;2012;2;24;4;1.5
68860;2012;2;24;5;2.7
68860;2012;2;24;6;4.2
68860;2012;2;24;7;4.0
68860;2012;2;24;8;3.3
68860;2012;2;24;9;2.7
68860;2012;2;24;10;2.9
68860;2012;2;24;11;3.0
68860;2012;2;24;12;3.7
68860;2012;2;24;13;4.3
68860;2012;2;24;14;5.5
68860;2012;2;24;15;5.2
68860;2012;2;24;16;5.1
68860;2012;2;24;17;3.9
68860;2012;2;24;18;3.2
68860;2012;2;24;19;2.0
68860;2012;2;24;20;1.5
68860;2012;2;24;21;2.7
68860;2012;2;24;22;2.9
68860;2012;2;24;23;2.9
68860;2012;2;24;24;1.8
68860;2012;2;25;1;1.9
68860;2012;2;25;2;1.7
68860;2012;2;25;3;1.6
68860;2012;2;25;4;1.2
68860;2012;2;25;5;0.7
68860;2012;2;25;6;0.4
68860;2012;2;25;7;0.3
68860;2012;2;25;8;-0.4
68860;2012;2;25;9;0.1
68860;2012;2;25;10;0.4
68860;2012;2;25;11;0.3
68860;2012;2;25;12;1.0
68860;2012;2;25;13;2.0
68860;2012;2;25;14;2.0
68860;2012;2;25;15;2.0
68860;2012;2;25;16;1.6
68860;2012;2;25;17;-0.8
68860;2012;2;25;18;0.1
68860;2012;2;25;19;0.1
68860;2012;2;25;20;-0.7
68860;2012;2;25;21;-0.6
68860;2012;2;25;22;-0.9
68860;2012;2;25;23;-1.0
68860;2012;2;25;24;-1.2
68860;2012;2;26;1;-1.3
68860;2012;2;26;2;-1.3
68860;2012;2;26;3;-1.2
68860;2012;2;26;4;-1.4
68860;2012;2;26;5;-1.4
68860;2012;2;26;6;-1.3
68860;2012;2;26;7;-1.2
68860;2012;2;26;8;-1.4
68860;2012;2;26;9;-1.3
68860;2012;2;26;10;-0.6
68860;2012;2;26;11;-0.3
68860;2012;2;26;12;0.2
68860;2012;2;26;13;0.7
68860;2012;2;26;14;0.8
68860;2012;2;26;15;1.1
68860;2012;2;26;16;1.2
68860;2012;2;26;17;1.1
68860;2012;2;26;18;1.1
68860;2012;2;26;19;0.8
68860;2012;2;26;20;0.7
68860;2012;2;26;21;0.4
68860;2012;2;26;22;0.3
68860;2012;2;26;23;0.8
68860;2012;2;26;24;0.4
68860;2012;2;27;1;-1.0
68860;2012;2;27;2;0.7
68860;2012;2;27;3;0.2
68860;2012;2;27;4;0.8
68860;2012;2;27;5;0.9
68860;2012;2;27;6;2.4
68860;2012;2;27;7;1.7
68860;2012;2;27;8;1.0
68860;2012;2;27;9;1.8
68860;2012;2;27;10;2.5
68860;2012;2;27;11;2.9
68860;2012;2;27;12;4.3
68860;2012;2;27;13;4.6
68860;2012;2;27;14;4.7
68860;2012;2;27;15;4.4
68860;2012;2;27;16;4.5
68860;2012;2;27;17;4.7
68860;2012;2;27;18;4.4
68860;2012;2;27;19;4.4
68860;2012;2;27;20;3.5
68860;2012;2;27;21;3.4
68860;2012;2;27;22;3.4
68860;2012;2;27;23;3.2
68860;2012;2;27;24;4.1
68860;2012;2;28;1;4.0
68860;2012;2;28;2;3.8
68860;2012;2;28;3;3.4
68860;2012;2;28;4;4.2
68860;2012;2;28;5;4.7
68860;2012;2;28;6;5.8
68860;2012;2;28;7;5.1
68860;2012;2;28;8;4.1
68860;2012;2;28;9;5.1
68860;2012;2;28;10;3.4
68860;2012;2;28;11;3.6
68860;2012;2;28;12;4.8
68860;2012;2;28;13;5.3
68860;2012;2;28;14;5.5
68860;2012;2;28;15;4.2
68860;2012;2;28;16;4.8
68860;2012;2;28;17;4.2
68860;2012;2;28;18;4.6
68860;2012;2;28;19;4.8
68860;2012;2;28;20;5.1
68860;2012;2;28;21;5.0
68860;2012;2;28;22;4.8
68860;2012;2;28;23;4.7
68860;2012;2;28;24;5.1
68860;2012;2;29;1;5.0
68860;2012;2;29;2;4.8
68860;2012;2;29;3;4.2
68860;2012;2;29;4;5.2
68860;2012;2;29;5;5.6
68860;2012;2;29;6;5.7
68860;2012;2;29;7;5.0
68860;2012;2;29;8;4.8
68860;2012;2;29;9;4.6
68860;2012;2;29;10;5.5
68860;2012;2;29;11;4.7
68860;2012;2;29;12;5.1
68860;2012;2;29;13;5.6
68860;2012;2;29;14;6.4
68860;2012;2;29;15;7.1
68860;2012;2;29;16;7.1
68860;2012;2;29;17;7.0
68860;2012;2;29;18;6.9
68860;2012;2;29;19;6.9
68860;2012;2;29;20;6.5
68860;2012;2;29;21;5.9
68860;2012;2;29;22;5.6
68860;2012;2;29;23;5.3
68860;2012;2;29;24;4.1
