[34.24295411292411,31.38937460351377,1071.297268823615,728.702731176385]
[38.18582360159122,35.00367163479196,1080.9818491516244,719.0181508483756]
[34.67774786241892,31.787935540550677,1110.086464092484,809.913535907516]
[45.14219035780779,41.38034116132381,1057.9183623594085,862.0816376405915]
[48.42953714025673,44.39374237856867,1048.6838099339232,871.3161900660768]
[38.6091213523629,35.39169457299932,993.718145486217,806.281854513783]
[51.34984075457928,47.07068735836435,976.5338335498569,883.4661664501431]
[40.48267991981635,37.109123259831655,1072.952312331267,787.047687668733]
[54.283599985439075,49.759966653319154,1104.961863550258,815.0381364497421]
[37.066000356810854,33.97716699374328,1006.8034173747013,853.1965826252987]
[44.15486068242262,40.475288958887404,985.1732420243377,814.8267579756623]
[39.64261926455058,36.33906765917137,1172.8253478082665,627.1746521917335]
[40.05376523203439,36.71595146269819,1048.2859423956206,751.7140576043794]
[43.482646129719626,39.859092285576324,1020.6508704523419,899.3491295476581]
[44.92068083174381,41.17729076243183,1133.639515030807,666.3604849691931]
[46.979849640235244,43.06486217021564,1114.7015437523025,805.2984562476975]
[47.51338841233442,43.55393937797322,1152.9454240447867,647.0545759552133]
[48.007684365455276,44.00704400166734,1105.4480265757602,754.5519734242398]
[37.81911631201503,34.66752328601378,1011.1826392673021,908.8173607326979]
[43.87494465789467,40.21869926973679,1073.2314326597962,786.7685673402038]
[38.39699212129173,35.197242777850754,1063.3485417678194,736.6514582321806]
[48.98679493879491,44.90456202722867,1037.4233909826614,762.5766090173386]
[39.2567664103698,35.98536920950565,1091.9683551183828,828.0316448816172]
[44.09463366705176,40.42008086146412,1023.6219487062297,776.3780512937703]
[48.80608735974045,44.738913413095425,1054.9063987928057,805.0936012071943]
[56.78762498015857,52.05532289847869,1100.0247468763143,759.9752531236857]
[44.76146761053681,41.03134530965875,1052.8161705729074,867.1838294270926]
[35.270445258788975,32.33124148722323,1125.920544840519,734.0794551594811]
[55.30689005284802,50.69798254844402,1074.6379674425928,845.3620325574072]
[45.439139261168556,41.652544322737846,1056.7855056277322,863.2144943722678]
[50.33235309467236,46.137990336783,1067.7003231050915,732.2996768949085]
